local partTable = {
    {CFrame = CFrame.new(-55,158.1999969482422,0,-1,0,0,0,1,0,0,0,-1), Name = 'Post', TreeValue = 'Volcano'},
    {CFrame = CFrame.new(-55.00001525878906,158.1999969482422,-0.0999755859375,-0.8660074472427368,0,-0.5000314116477966,0,1,0,0.5000314116477966,0,-0.8660074472427368), Name = 'Post', TreeValue = 'Volcano'},
    {CFrame = CFrame.new(-55.0000114440918,158.1999969482422,-0.0999755859375,-0.777145504951477,0,-0.6293210387229919,0,1,0,0.6293210387229919,0,-0.777145504951477), Name = 'Post', TreeValue = 'Volcano'},
    {CFrame = CFrame.new(-55.00001525878906,158.1999969482422,-0.0999908447265625,-0.987686276435852,0,-0.1564495712518692,0,1,0,0.1564495712518692,0,-0.987686276435852), Name = 'Post', TreeValue = 'Volcano'},
    {CFrame = CFrame.new(-55.00000762939453,158.1999969482422,-0.0999755859375,-0.3583778142929077,0,-0.9335766434669495,0,1,0,0.9335766434669495,0,-0.3583778142929077), Name = 'Post', TreeValue = 'Volcano'},
    {CFrame = CFrame.new(-55.00000762939453,158.1999969482422,-0.0999755859375,-0.6292861700057983,0,-0.7771737575531006,0,1,0,0.7771737575531006,0,-0.6292861700057983), Name = 'Post', TreeValue = 'Volcano'},
    {CFrame = CFrame.new(-55.00001525878906,158.1999969482422,-0.0999908447265625,-0.933587908744812,0,-0.3583495020866394,0,1,0,0.3583495020866394,0,-0.933587908744812), Name = 'Post', TreeValue = 'Volcano'},
    {CFrame = CFrame.new(-55.00000762939453,158.1999969482422,-0.0999755859375,-0.49995946884155273,0,-0.8660488128662109,0,1,0,0.8660488128662109,0,-0.49995946884155273), Name = 'Post', TreeValue = 'Volcano'},
    {CFrame = CFrame.new(-55.000003814697266,158.1999969482422,-0.0999755859375,-0.15644609928131104,0,-0.9876865744590759,0,1,0,0.9876865744590759,0,-0.15644609928131104), Name = 'Post', TreeValue = 'Volcano'},
    {CFrame = CFrame.new(-55,154.1999969482422,0,-1,0,0,0,1,0,0,0,-1), Name = 'Post', TreeValue = 'Volcano'},
    {CFrame = CFrame.new(-55.0000114440918,154.1999969482422,-0.0999755859375,-0.777145504951477,0,-0.6293210387229919,0,1,0,0.6293210387229919,0,-0.777145504951477), Name = 'Post', TreeValue = 'Volcano'},
    {CFrame = CFrame.new(-55.00000762939453,154.1999969482422,-0.0999755859375,-0.49995946884155273,0,-0.8660488128662109,0,1,0,0.8660488128662109,0,-0.49995946884155273), Name = 'Post', TreeValue = 'Volcano'},
    {CFrame = CFrame.new(-55.00001525878906,154.1999969482422,-0.0999908447265625,-0.987686276435852,0,-0.1564495712518692,0,1,0,0.1564495712518692,0,-0.987686276435852), Name = 'Post', TreeValue = 'Volcano'},
    {CFrame = CFrame.new(-55.00000762939453,154.1999969482422,-0.0999755859375,-0.3583778142929077,0,-0.9335766434669495,0,1,0,0.9335766434669495,0,-0.3583778142929077), Name = 'Post', TreeValue = 'Volcano'},
    {CFrame = CFrame.new(-55.00000762939453,154.1999969482422,-0.0999755859375,-0.6292861700057983,0,-0.7771737575531006,0,1,0,0.7771737575531006,0,-0.6292861700057983), Name = 'Post', TreeValue = 'Volcano'},
    {CFrame = CFrame.new(-55.00001525878906,154.1999969482422,-0.0999755859375,-0.8660074472427368,0,-0.5000314116477966,0,1,0,0.5000314116477966,0,-0.8660074472427368), Name = 'Post', TreeValue = 'Volcano'},
    {CFrame = CFrame.new(-55.00001525878906,154.1999969482422,-0.0999908447265625,-0.933587908744812,0,-0.3583495020866394,0,1,0,0.3583495020866394,0,-0.933587908744812), Name = 'Post', TreeValue = 'Volcano'},
    {CFrame = CFrame.new(-55.000003814697266,154.1999969482422,-0.0999755859375,-0.15644609928131104,0,-0.9876865744590759,0,1,0,0.9876865744590759,0,-0.15644609928131104), Name = 'Post', TreeValue = 'Volcano'},
    {CFrame = CFrame.new(-55,150.1999969482422,0,-1,0,0,0,1,0,0,0,-1), Name = 'Post', TreeValue = 'Volcano'},
    {CFrame = CFrame.new(-55.00000762939453,150.1999969482422,-0.0999755859375,-0.49995946884155273,0,-0.8660488128662109,0,1,0,0.8660488128662109,0,-0.49995946884155273), Name = 'Post', TreeValue = 'Volcano'},
    {CFrame = CFrame.new(-55.00001525878906,150.1999969482422,-0.0999908447265625,-0.933587908744812,0,-0.3583495020866394,0,1,0,0.3583495020866394,0,-0.933587908744812), Name = 'Post', TreeValue = 'Volcano'},
    {CFrame = CFrame.new(-55.00000762939453,150.1999969482422,-0.0999755859375,-0.6292861700057983,0,-0.7771737575531006,0,1,0,0.7771737575531006,0,-0.6292861700057983), Name = 'Post', TreeValue = 'Volcano'},
    {CFrame = CFrame.new(-55.00001525878906,150.1999969482422,-0.0999755859375,-0.8660074472427368,0,-0.5000314116477966,0,1,0,0.5000314116477966,0,-0.8660074472427368), Name = 'Post', TreeValue = 'Volcano'},
    {CFrame = CFrame.new(-55.0000114440918,150.1999969482422,-0.0999755859375,-0.777145504951477,0,-0.6293210387229919,0,1,0,0.6293210387229919,0,-0.777145504951477), Name = 'Post', TreeValue = 'Volcano'},
    {CFrame = CFrame.new(-55.00001525878906,150.1999969482422,-0.0999908447265625,-0.987686276435852,0,-0.1564495712518692,0,1,0,0.1564495712518692,0,-0.987686276435852), Name = 'Post', TreeValue = 'Volcano'},
    {CFrame = CFrame.new(-55.00000762939453,150.1999969482422,-0.0999755859375,-0.3583778142929077,0,-0.9335766434669495,0,1,0,0.9335766434669495,0,-0.3583778142929077), Name = 'Post', TreeValue = 'Volcano'},
    {CFrame = CFrame.new(-55.000003814697266,150.1999969482422,-0.0999755859375,-0.15644609928131104,0,-0.9876865744590759,0,1,0,0.9876865744590759,0,-0.15644609928131104), Name = 'Post', TreeValue = 'Volcano'},
    {CFrame = CFrame.new(-55,146.1999969482422,0,-1,0,0,0,1,0,0,0,-1), Name = 'Post', TreeValue = 'Volcano'},
    {CFrame = CFrame.new(-55.00000762939453,146.1999969482422,-0.0999755859375,-0.6292861700057983,0,-0.7771737575531006,0,1,0,0.7771737575531006,0,-0.6292861700057983), Name = 'Post', TreeValue = 'Volcano'},
    {CFrame = CFrame.new(-55.00001525878906,146.1999969482422,-0.0999908447265625,-0.933587908744812,0,-0.3583495020866394,0,1,0,0.3583495020866394,0,-0.933587908744812), Name = 'Post', TreeValue = 'Volcano'},
    {CFrame = CFrame.new(-55.00001525878906,146.1999969482422,-0.0999908447265625,-0.987686276435852,0,-0.1564495712518692,0,1,0,0.1564495712518692,0,-0.987686276435852), Name = 'Post', TreeValue = 'Volcano'},
    {CFrame = CFrame.new(-55.00000762939453,146.1999969482422,-0.0999755859375,-0.49995946884155273,0,-0.8660488128662109,0,1,0,0.8660488128662109,0,-0.49995946884155273), Name = 'Post', TreeValue = 'Volcano'},
    {CFrame = CFrame.new(-55.00000762939453,146.1999969482422,-0.0999755859375,-0.3583778142929077,0,-0.9335766434669495,0,1,0,0.9335766434669495,0,-0.3583778142929077), Name = 'Post', TreeValue = 'Volcano'},
    {CFrame = CFrame.new(-55.00001525878906,146.1999969482422,-0.0999755859375,-0.8660074472427368,0,-0.5000314116477966,0,1,0,0.5000314116477966,0,-0.8660074472427368), Name = 'Post', TreeValue = 'Volcano'},
    {CFrame = CFrame.new(-55.000003814697266,146.1999969482422,-0.0999755859375,-0.15644609928131104,0,-0.9876865744590759,0,1,0,0.9876865744590759,0,-0.15644609928131104), Name = 'Post', TreeValue = 'Volcano'},
    {CFrame = CFrame.new(-55.0000114440918,146.1999969482422,-0.0999755859375,-0.777145504951477,0,-0.6293210387229919,0,1,0,0.6293210387229919,0,-0.777145504951477), Name = 'Post', TreeValue = 'Volcano'},
    {CFrame = CFrame.new(-55,138.1999969482422,-0.0999908447265625,-1,0,0,0,1,0,0,0,-1), Name = 'Wall2TallThin', TreeValue = 'Volcano'},
    {CFrame = CFrame.new(-55,138.1999969482422,-0.0999908447265625,-0.987686276435852,0,0.1564495712518692,0,1,0,-0.1564495712518692,0,-0.987686276435852), Name = 'Wall2TallThin', TreeValue = 'Volcano'},
    {CFrame = CFrame.new(-55,138.1999969482422,-0.0999908447265625,-0.987686276435852,0,-0.1564495712518692,0,1,0,0.1564495712518692,0,-0.987686276435852), Name = 'Wall2TallThin', TreeValue = 'Volcano'},
    {CFrame = CFrame.new(-55,138.1999969482422,-0.0999908447265625,-0.933587908744812,0,-0.3583495020866394,0,1,0,0.3583495020866394,0,-0.933587908744812), Name = 'Wall2TallThin', TreeValue = 'Volcano'},
    {CFrame = CFrame.new(-55,138.1999969482422,-0.0999908447265625,-0.8660074472427368,0,-0.5000314116477966,0,1,0,0.5000314116477966,0,-0.8660074472427368), Name = 'Wall2TallThin', TreeValue = 'Volcano'},
    {CFrame = CFrame.new(-55,138.1999969482422,-0.0999908447265625,-0.777145504951477,0,-0.6293210387229919,0,1,0,0.6293210387229919,0,-0.777145504951477), Name = 'Wall2TallThin', TreeValue = 'Volcano'},
    {CFrame = CFrame.new(-55,138.1999969482422,-0.0999908447265625,-0.6292861700057983,0,-0.7771737575531006,0,1,0,0.7771737575531006,0,-0.6292861700057983), Name = 'Wall2TallThin', TreeValue = 'Volcano'},
    {CFrame = CFrame.new(-55,138.1999969482422,-0.0999908447265625,-0.49995946884155273,0,-0.8660488128662109,0,1,0,0.8660488128662109,0,-0.49995946884155273), Name = 'Wall2TallThin', TreeValue = 'Volcano'},
    {CFrame = CFrame.new(-55,138.1999969482422,-0.0999908447265625,-0.3583778142929077,0,-0.9335766434669495,0,1,0,0.9335766434669495,0,-0.3583778142929077), Name = 'Wall2TallThin', TreeValue = 'Volcano'},
    {CFrame = CFrame.new(-55,138.1999969482422,-0.0999908447265625,-0.15644609928131104,0,-0.9876865744590759,0,1,0,0.9876865744590759,0,-0.15644609928131104), Name = 'Wall2TallThin', TreeValue = 'Volcano'},
    {CFrame = CFrame.new(-55,138.1999969482422,-0.0999908447265625,0,0,-1,0,1,0,1,0,0), Name = 'Wall2TallThin', TreeValue = 'Volcano'},
    {CFrame = CFrame.new(-55,138.1999969482422,-0.0999908447265625,0,0,-1,0,1,0,1,0,0), Name = 'Wall2TallThin', TreeValue = 'Volcano'},
    {CFrame = CFrame.new(-55,138.1999969482422,-0.0999908447265625,0.15644598007202148,0,-0.9876865744590759,0,1,0,0.9876865744590759,0,0.15644598007202148), Name = 'Wall2TallThin', TreeValue = 'Volcano'},
    {CFrame = CFrame.new(-55,138.1999969482422,-0.0999908447265625,0.15644598007202148,0,-0.9876865744590759,0,1,0,0.9876865744590759,0,0.15644598007202148), Name = 'Wall2TallThin', TreeValue = 'Volcano'},
    {CFrame = CFrame.new(-55,138.1999969482422,-0.0999908447265625,0.35837775468826294,0,-0.9335766434669495,0,1,0,0.9335766434669495,0,0.35837775468826294), Name = 'Wall2TallThin', TreeValue = 'Volcano'},
    {CFrame = CFrame.new(-55,138.1999969482422,-0.0999908447265625,0.49995946884155273,0,-0.8660488128662109,0,1,0,0.8660488128662109,0,0.49995946884155273), Name = 'Wall2TallThin', TreeValue = 'Volcano'},
    {CFrame = CFrame.new(-55,130.1999969482422,-0.0999908447265625,-1,0,0,0,1,0,0,0,-1), Name = 'Wall2TallThin', TreeValue = 'Volcano'},
    {CFrame = CFrame.new(-55,130.1999969482422,-0.0999908447265625,-0.987686276435852,0,0.1564495712518692,0,1,0,-0.1564495712518692,0,-0.987686276435852), Name = 'Wall2TallThin', TreeValue = 'Volcano'},
    {CFrame = CFrame.new(-55,130.1999969482422,-0.0999908447265625,-0.987686276435852,0,-0.1564495712518692,0,1,0,0.1564495712518692,0,-0.987686276435852), Name = 'Wall2TallThin', TreeValue = 'Volcano'},
    {CFrame = CFrame.new(-55,130.1999969482422,-0.0999908447265625,-0.933587908744812,0,-0.3583495020866394,0,1,0,0.3583495020866394,0,-0.933587908744812), Name = 'Wall2TallThin', TreeValue = 'Volcano'},
    {CFrame = CFrame.new(-55,130.1999969482422,-0.0999908447265625,-0.8660074472427368,0,-0.5000314116477966,0,1,0,0.5000314116477966,0,-0.8660074472427368), Name = 'Wall2TallThin', TreeValue = 'Volcano'},
    {CFrame = CFrame.new(-55,130.1999969482422,-0.0999908447265625,-0.777145504951477,0,-0.6293210387229919,0,1,0,0.6293210387229919,0,-0.777145504951477), Name = 'Wall2TallThin', TreeValue = 'Volcano'},
    {CFrame = CFrame.new(-55,130.1999969482422,-0.0999908447265625,-0.6292861700057983,0,-0.7771737575531006,0,1,0,0.7771737575531006,0,-0.6292861700057983), Name = 'Wall2TallThin', TreeValue = 'Volcano'},
    {CFrame = CFrame.new(-55,130.1999969482422,-0.0999908447265625,-0.49995946884155273,0,-0.8660488128662109,0,1,0,0.8660488128662109,0,-0.49995946884155273), Name = 'Wall2TallThin', TreeValue = 'Volcano'},
    {CFrame = CFrame.new(-55,130.1999969482422,-0.0999908447265625,-0.3583778142929077,0,-0.9335766434669495,0,1,0,0.9335766434669495,0,-0.3583778142929077), Name = 'Wall2TallThin', TreeValue = 'Volcano'},
    {CFrame = CFrame.new(-55,130.1999969482422,-0.0999908447265625,-0.15644609928131104,0,-0.9876865744590759,0,1,0,0.9876865744590759,0,-0.15644609928131104), Name = 'Wall2TallThin', TreeValue = 'Volcano'},
    {CFrame = CFrame.new(-55,130.1999969482422,-0.0999908447265625,0,0,-1,0,1,0,1,0,0), Name = 'Wall2TallThin', TreeValue = 'Volcano'},
    {CFrame = CFrame.new(-55,130.1999969482422,-0.0999908447265625,0.15644598007202148,0,-0.9876865744590759,0,1,0,0.9876865744590759,0,0.15644598007202148), Name = 'Wall2TallThin', TreeValue = 'Volcano'},
    {CFrame = CFrame.new(-55,130.1999969482422,-0.0999908447265625,0.35837775468826294,0,-0.9335766434669495,0,1,0,0.9335766434669495,0,0.35837775468826294), Name = 'Wall2TallThin', TreeValue = 'Volcano'},
    {CFrame = CFrame.new(-55,130.1999969482422,-0.0999908447265625,0.49995946884155273,0,-0.8660488128662109,0,1,0,0.8660488128662109,0,0.49995946884155273), Name = 'Wall2TallThin', TreeValue = 'Volcano'},
    {CFrame = CFrame.new(-55,130.1999969482422,-0.0999908447265625,0.49995946884155273,0,-0.8660488128662109,0,1,0,0.8660488128662109,0,0.49995946884155273), Name = 'Wall2TallThin', TreeValue = 'Volcano'},
    {CFrame = CFrame.new(-55,130.1999969482422,-0.0999908447265625,0.49995946884155273,0,-0.8660488128662109,0,1,0,0.8660488128662109,0,0.49995946884155273), Name = 'Wall2TallThin', TreeValue = 'Volcano'},
    {CFrame = CFrame.new(-54.89999771118164,122.20000457763672,-0.0999908447265625,-0.8660074472427368,0,0.5000314116477966,0,1,0,-0.5000314116477966,0,-0.8660074472427368), Name = 'Wall2Tall', TreeValue = 'Volcano'},
    {CFrame = CFrame.new(-54.89999771118164,122.20000457763672,-0.0999908447265625,-0.777145504951477,0,0.6293210387229919,0,1,0,-0.6293210387229919,0,-0.777145504951477), Name = 'Wall2Tall', TreeValue = 'Volcano'},
    {CFrame = CFrame.new(-54.899993896484375,122.20000457763672,-0.0999908447265625,-0.6292861700057983,0,0.7771737575531006,0,1,0,-0.7771737575531006,0,-0.6292861700057983), Name = 'Wall2Tall', TreeValue = 'Volcano'},
    {CFrame = CFrame.new(-54.899993896484375,122.20000457763672,-0.0999908447265625,-0.49995946884155273,0,0.8660488128662109,0,1,0,-0.8660488128662109,0,-0.49995946884155273), Name = 'Wall2Tall', TreeValue = 'Volcano'},
    {CFrame = CFrame.new(-54.899993896484375,122.20000457763672,-0.0999908447265625,-0.3583778142929077,0,0.9335766434669495,0,1,0,-0.9335766434669495,0,-0.3583778142929077), Name = 'Wall2Tall', TreeValue = 'Volcano'},
    {CFrame = CFrame.new(-54.899993896484375,122.20000457763672,-0.0999908447265625,-0.15644609928131104,0,0.9876865744590759,0,1,0,-0.9876865744590759,0,-0.15644609928131104), Name = 'Wall2Tall', TreeValue = 'Volcano'},
    {CFrame = CFrame.new(-54.899993896484375,122.20000457763672,-0.0999908447265625,0,0,1,0,1,0,-1,0,0), Name = 'Wall2Tall', TreeValue = 'Volcano'},
    {CFrame = CFrame.new(-54.899993896484375,122.20000457763672,-0.0999908447265625,0.15644598007202148,0,0.9876865744590759,0,1,0,-0.9876865744590759,0,0.15644598007202148), Name = 'Wall2Tall', TreeValue = 'Volcano'},
    {CFrame = CFrame.new(-54.899993896484375,122.20000457763672,-0.0999908447265625,0.35837775468826294,0,0.9335766434669495,0,1,0,-0.9335766434669495,0,0.35837775468826294), Name = 'Wall2Tall', TreeValue = 'Volcano'},
    {CFrame = CFrame.new(-54.899993896484375,122.20000457763672,-0.0999908447265625,0.49995946884155273,0,0.8660488128662109,0,1,0,-0.8660488128662109,0,0.49995946884155273), Name = 'Wall2Tall', TreeValue = 'Volcano'},
    {CFrame = CFrame.new(-54.899993896484375,122.20000457763672,-0.0999908447265625,0.6292860507965088,0,0.7771737575531006,0,1,0,-0.7771737575531006,0,0.6292860507965088), Name = 'Wall2Tall', TreeValue = 'Volcano'},
    {CFrame = CFrame.new(-54.89999771118164,122.20000457763672,-0.0999908447265625,0.7771454453468323,0,0.6293210387229919,0,1,0,-0.6293210387229919,0,0.7771454453468323), Name = 'Wall2Tall', TreeValue = 'Volcano'},
    {CFrame = CFrame.new(-54.89999771118164,122.20000457763672,-0.0999908447265625,0.8660072684288025,0,0.5000314116477966,0,1,0,-0.5000314116477966,0,0.8660072684288025), Name = 'Wall2Tall', TreeValue = 'Volcano'},
    {CFrame = CFrame.new(-54.89999771118164,122.20000457763672,-0.0999908447265625,0.9335875511169434,0,0.3583495020866394,0,1,0,-0.3583495020866394,0,0.9335875511169434), Name = 'Wall2Tall', TreeValue = 'Volcano'},
    {CFrame = CFrame.new(-54.90001678466797,122.20000457763672,0,0.9876859784126282,0,-0.1564495712518692,0,1,0,0.1564495712518692,0,0.9876859784126282), Name = 'Wall2Tall', TreeValue = 'Volcano'},
    {CFrame = CFrame.new(-54.900001525878906,122.20000457763672,-0.0999908447265625,0.9876859784126282,0,0.1564495712518692,0,1,0,-0.1564495712518692,0,0.9876859784126282), Name = 'Wall2Tall', TreeValue = 'Volcano'},
    {CFrame = CFrame.new(-54.900001525878906,122.20000457763672,-0.0999755859375,1,0,0,0,1,0,0,0,1), Name = 'Wall2Tall', TreeValue = 'Volcano'},
    {CFrame = CFrame.new(-54.89999771118164,114.20000457763672,-0.0999908447265625,-0.8660074472427368,0,0.5000314116477966,0,1,0,-0.5000314116477966,0,-0.8660074472427368), Name = 'Wall2Tall', TreeValue = 'Volcano'},
    {CFrame = CFrame.new(-54.89999771118164,114.20000457763672,-0.0999908447265625,-0.777145504951477,0,0.6293210387229919,0,1,0,-0.6293210387229919,0,-0.777145504951477), Name = 'Wall2Tall', TreeValue = 'Volcano'},
    {CFrame = CFrame.new(-54.899993896484375,114.20000457763672,-0.0999908447265625,-0.6292861700057983,0,0.7771737575531006,0,1,0,-0.7771737575531006,0,-0.6292861700057983), Name = 'Wall2Tall', TreeValue = 'Volcano'},
    {CFrame = CFrame.new(-54.899993896484375,114.20000457763672,-0.0999908447265625,-0.49995946884155273,0,0.8660488128662109,0,1,0,-0.8660488128662109,0,-0.49995946884155273), Name = 'Wall2Tall', TreeValue = 'Volcano'},
    {CFrame = CFrame.new(-54.899993896484375,114.20000457763672,-0.0999908447265625,-0.3583778142929077,0,0.9335766434669495,0,1,0,-0.9335766434669495,0,-0.3583778142929077), Name = 'Wall2Tall', TreeValue = 'Volcano'},
    {CFrame = CFrame.new(-54.899993896484375,114.20000457763672,-0.0999908447265625,-0.15644609928131104,0,0.9876865744590759,0,1,0,-0.9876865744590759,0,-0.15644609928131104), Name = 'Wall2Tall', TreeValue = 'Volcano'},
    {CFrame = CFrame.new(-54.899993896484375,114.20000457763672,-0.0999908447265625,0,0,1,0,1,0,-1,0,0), Name = 'Wall2Tall', TreeValue = 'Volcano'},
    {CFrame = CFrame.new(-54.899993896484375,114.20000457763672,-0.0999908447265625,0.15644598007202148,0,0.9876865744590759,0,1,0,-0.9876865744590759,0,0.15644598007202148), Name = 'Wall2Tall', TreeValue = 'Volcano'},
    {CFrame = CFrame.new(-54.899993896484375,114.20000457763672,-0.0999908447265625,0.35837775468826294,0,0.9335766434669495,0,1,0,-0.9335766434669495,0,0.35837775468826294), Name = 'Wall2Tall', TreeValue = 'Volcano'},
    {CFrame = CFrame.new(-54.899993896484375,114.20000457763672,-0.0999908447265625,0.49995946884155273,0,0.8660488128662109,0,1,0,-0.8660488128662109,0,0.49995946884155273), Name = 'Wall2Tall', TreeValue = 'Volcano'},
    {CFrame = CFrame.new(-54.899993896484375,114.20000457763672,-0.0999908447265625,0.6292860507965088,0,0.7771737575531006,0,1,0,-0.7771737575531006,0,0.6292860507965088), Name = 'Wall2Tall', TreeValue = 'Volcano'},
    {CFrame = CFrame.new(-54.89999771118164,114.20000457763672,-0.0999908447265625,0.7771454453468323,0,0.6293210387229919,0,1,0,-0.6293210387229919,0,0.7771454453468323), Name = 'Wall2Tall', TreeValue = 'Volcano'},
    {CFrame = CFrame.new(-54.89999771118164,114.20000457763672,-0.0999908447265625,0.8660072684288025,0,0.5000314116477966,0,1,0,-0.5000314116477966,0,0.8660072684288025), Name = 'Wall2Tall', TreeValue = 'Volcano'},
    {CFrame = CFrame.new(-54.89999771118164,114.20000457763672,-0.0999908447265625,0.9335875511169434,0,0.3583495020866394,0,1,0,-0.3583495020866394,0,0.9335875511169434), Name = 'Wall2Tall', TreeValue = 'Volcano'},
    {CFrame = CFrame.new(-54.90001678466797,114.20000457763672,0,0.9876859784126282,0,-0.1564495712518692,0,1,0,0.1564495712518692,0,0.9876859784126282), Name = 'Wall2Tall', TreeValue = 'Volcano'},
    {CFrame = CFrame.new(-54.900001525878906,114.20000457763672,-0.0999908447265625,0.9876859784126282,0,0.1564495712518692,0,1,0,-0.1564495712518692,0,0.9876859784126282), Name = 'Wall2Tall', TreeValue = 'Volcano'},
    {CFrame = CFrame.new(-54.900001525878906,114.20000457763672,-0.0999755859375,1,0,0,0,1,0,0,0,1), Name = 'Wall2Tall', TreeValue = 'Volcano'},
    {CFrame = CFrame.new(-55,114,0,-1,0,0,0,-1,0,0,0,1), Name = 'Floor1Large', TreeValue = 'Volcano'},
    {CFrame = CFrame.new(-55,114,0,-1,0,0,0,-1,0,0,0,1), Name = 'Floor1Small', TreeValue = 'Volcano'},
    {CFrame = CFrame.new(-57.900001525878906,112.60000610351562,-4.0000152587890625,0,1,0,0,0,1,1,0,0), Name = 'Wall2TallThin', TreeValue = 'Volcano'},
    {CFrame = CFrame.new(-59,112.5999984741211,4.9000091552734375,1,0,0,0,0,1,0,-1,0), Name = 'Wall2TallThin', TreeValue = 'Volcano'},
    {CFrame = CFrame.new(-59,112.5999984741211,-3.0999908447265625,1,0,0,0,0,1,0,-1,0), Name = 'Wall2ShortThin', TreeValue = 'Volcano'},
    {CFrame = CFrame.new(-54,112.20000457763672,1,0,0,1,0,1,0,-1,0,0), Name = 'Floor1Large', TreeValue = 'Volcano'},
    {CFrame = CFrame.new(-46.5,112.0999984741211,7.9000091552734375,0,0,1,-1,0,0,0,-1,0), Name = 'Wall2TallThin', TreeValue = 'Volcano'},
    {CFrame = CFrame.new(-46.5,112.0999984741211,-0.0999908447265625,0,0,1,-1,0,0,0,-1,0), Name = 'Wall2TallThin', TreeValue = 'Volcano'},
    {CFrame = CFrame.new(-47.10000228881836,112.10001373291016,-8.5,0,-1,0,-1,0,0,0,0,-1), Name = 'Wall2TallThin', TreeValue = 'Volcano'},
    {CFrame = CFrame.new(-54.900001525878906,112.10001373291016,8.5,0,1,0,-1,0,0,0,0,1), Name = 'Wall2TallThin', TreeValue = 'Volcano'},
    {CFrame = CFrame.new(-55.10000228881836,112.10001373291016,8.5,0,-1,0,-1,0,0,0,0,-1), Name = 'Wall2TallThin', TreeValue = 'Volcano'},
    {CFrame = CFrame.new(-55.10000228881836,112.10001373291016,-8.5,0,-1,0,-1,0,0,0,0,-1), Name = 'Wall2TallThin', TreeValue = 'Volcano'},
    {CFrame = CFrame.new(-63.5,112.0999984741211,7.9000091552734375,0,0,1,-1,0,0,0,-1,0), Name = 'Wall2TallThin', TreeValue = 'Volcano'},
    {CFrame = CFrame.new(-63.5,112.0999984741211,-0.0999908447265625,0,0,1,-1,0,0,0,-1,0), Name = 'Wall2TallThin', TreeValue = 'Volcano'},
    {CFrame = CFrame.new(-57.900001525878906,111.60000610351562,-4.0000152587890625,0,1,0,0,0,1,1,0,0), Name = 'Wall2TallThin', TreeValue = 'Volcano'},
    {CFrame = CFrame.new(-59,111.5999984741211,4.9000091552734375,1,0,0,0,0,1,0,-1,0), Name = 'Wall2TallThin', TreeValue = 'Volcano'},
    {CFrame = CFrame.new(-59,111.5999984741211,-3.0999908447265625,1,0,0,0,0,1,0,-1,0), Name = 'Wall2ShortThin', TreeValue = 'Volcano'},
    {CFrame = CFrame.new(-54,111.20000457763672,1,0,0,1,0,1,0,-1,0,0), Name = 'Floor1Large', TreeValue = 'Volcano'},
    {CFrame = CFrame.new(-46.5,109.20000457763672,8.5,0,0,1,0,1,0,-1,0,0), Name = 'Post', TreeValue = 'Volcano'},
    {CFrame = CFrame.new(-46.5,109.20000457763672,-8.5,0,0,1,0,1,0,-1,0,0), Name = 'Post', TreeValue = 'Volcano'},
    {CFrame = CFrame.new(-63.5,109.20000457763672,8.5,0,0,1,0,1,0,-1,0,0), Name = 'Post', TreeValue = 'Volcano'},
    {CFrame = CFrame.new(-63.5,109.20000457763672,-8.5,0,0,1,0,1,0,-1,0,0), Name = 'Post', TreeValue = 'Volcano'},
    {CFrame = CFrame.new(-57.900001525878906,110.60000610351562,-4.0000152587890625,0,1,0,0,0,1,1,0,0), Name = 'Wall2TallThin', TreeValue = 'Volcano'},
    {CFrame = CFrame.new(-59,110.5999984741211,4.9000091552734375,1,0,0,0,0,1,0,-1,0), Name = 'Wall2TallThin', TreeValue = 'Volcano'},
    {CFrame = CFrame.new(-59,110.5999984741211,-3.0999908447265625,1,0,0,0,0,1,0,-1,0), Name = 'Wall2ShortThin', TreeValue = 'Volcano'},
    {CFrame = CFrame.new(-54,110.20000457763672,1,0,0,1,0,1,0,-1,0,0), Name = 'Floor1Large', TreeValue = 'Volcano'},
    {CFrame = CFrame.new(-55,110,0,1,0,0,0,-1,0,0,0,-1), Name = 'Floor1Large', TreeValue = 'Volcano'},
    {CFrame = CFrame.new(-50.5,109.5999984741211,1.100006103515625,1,0,0,0,0,-1,0,1,0), Name = 'Post', TreeValue = 'Volcano'},
    {CFrame = CFrame.new(-50.5,109.5999984741211,-2.899993896484375,1,0,0,0,0,-1,0,1,0), Name = 'Post', TreeValue = 'Volcano'},
    {CFrame = CFrame.new(-50.900001525878906,109.59999084472656,-3.5,0,1,0,0,0,-1,-1,0,0), Name = 'Floor1Tiny', TreeValue = 'Volcano'},
    {CFrame = CFrame.new(-50.900001525878906,109.59999084472656,-4.5,0,1,0,0,0,-1,-1,0,0), Name = 'Floor1Tiny', TreeValue = 'Volcano'},
    {CFrame = CFrame.new(-51.10000228881836,109.60000610351562,4.5,0,-1,0,0,0,-1,1,0,0), Name = 'Post', TreeValue = 'Volcano'},
    {CFrame = CFrame.new(-54.900001525878906,109.59999084472656,-4.5,0,1,0,0,0,-1,-1,0,0), Name = 'Post', TreeValue = 'Volcano'},
    {CFrame = CFrame.new(-55.10000228881836,109.60000610351562,4.5,0,-1,0,0,0,-1,1,0,0), Name = 'Post', TreeValue = 'Volcano'},
    {CFrame = CFrame.new(-58.900001525878906,109.59999084472656,-4.5,0,1,0,0,0,-1,-1,0,0), Name = 'Post', TreeValue = 'Volcano'},
    {CFrame = CFrame.new(-59.5,109.5999984741211,1.100006103515625,1,0,0,0,0,-1,0,1,0), Name = 'Post', TreeValue = 'Volcano'},
    {CFrame = CFrame.new(-59.5,109.5999984741211,-2.899993896484375,1,0,0,0,0,-1,0,1,0), Name = 'Post', TreeValue = 'Volcano'},
    {CFrame = CFrame.new(-59.900001525878906,109.59999084472656,-3.5,0,1,0,0,0,-1,-1,0,0), Name = 'Floor1Tiny', TreeValue = 'Volcano'},
    {CFrame = CFrame.new(-59.900001525878906,109.59999084472656,-4.5,0,1,0,0,0,-1,-1,0,0), Name = 'Floor1Tiny', TreeValue = 'Volcano'},
    {CFrame = CFrame.new(-51,108.20000457763672,4,0,0,1,0,1,0,-1,0,0), Name = 'Floor1Large', TreeValue = 'Volcano'},
    {CFrame = CFrame.new(-51,108.20000457763672,-4,0,0,1,0,1,0,-1,0,0), Name = 'Floor1Large', TreeValue = 'Volcano'},
    {CFrame = CFrame.new(-59,108.20000457763672,4,0,0,1,0,1,0,-1,0,0), Name = 'Floor1Large', TreeValue = 'Volcano'},
    {CFrame = CFrame.new(-59,108.20000457763672,-4,0,0,1,0,1,0,-1,0,0), Name = 'Floor1Large', TreeValue = 'Volcano'},
    {CFrame = CFrame.new(-62.99998474121094,109,8.5,-1,0,0,0,-1,0,0,0,1), Name = 'Wall2ShortThin', TreeValue = 'Volcano'},
    {CFrame = CFrame.new(-62.99998474121094,109,-8.5,-1,0,0,0,-1,0,0,0,1), Name = 'Wall2ShortThin', TreeValue = 'Volcano'},
    {CFrame = CFrame.new(-63.5,108.09998321533203,0.100006103515625,0,0,-1,-1,0,0,0,1,0), Name = 'Wall2TallThin', TreeValue = 'Volcano'},
    {CFrame = CFrame.new(-63.5,108.09998321533203,-7.899993896484375,0,0,-1,-1,0,0,0,1,0), Name = 'Wall2TallThin', TreeValue = 'Volcano'},
    {CFrame = CFrame.new(-46.5,108.0999984741211,7.9000091552734375,0,0,-1,1,0,0,0,-1,0), Name = 'Wall2TallThin', TreeValue = 'Volcano'},
    {CFrame = CFrame.new(-46.5,108.0999984741211,-0.0999908447265625,0,0,-1,1,0,0,0,-1,0), Name = 'Wall2TallThin', TreeValue = 'Volcano'},
    {CFrame = CFrame.new(-46.10000228881836,108.09998321533203,8.5,0,-1,0,1,0,0,0,0,1), Name = 'Wall2TallThin', TreeValue = 'Volcano'},
    {CFrame = CFrame.new(-53.900001525878906,108.09998321533203,-8.5,0,1,0,1,0,0,0,0,-1), Name = 'Wall2TallThin', TreeValue = 'Volcano'},
    {CFrame = CFrame.new(-54.10000228881836,108.09998321533203,8.5,0,-1,0,1,0,0,0,0,1), Name = 'Wall2TallThin', TreeValue = 'Volcano'},
    {CFrame = CFrame.new(-61.900001525878906,108.09998321533203,-8.5,0,1,0,1,0,0,0,0,-1), Name = 'Wall2TallThin', TreeValue = 'Volcano'},
    {CFrame = CFrame.new(-63.5,106.5999984741211,-1.899993896484375,-1,0,0,0,0,1,0,1,0), Name = 'Post', TreeValue = 'Volcano'},
    {CFrame = CFrame.new(-62.99998474121094,107,8.5,-1,0,0,0,-1,0,0,0,1), Name = 'Wall2TallThin', TreeValue = 'Volcano'},
    {CFrame = CFrame.new(-62.99998474121094,107,-8.5,-1,0,0,0,-1,0,0,0,1), Name = 'Wall2TallThin', TreeValue = 'Volcano'},
    {CFrame = CFrame.new(-50,103.0999984741211,-8.899993896484375,1,0,0,0,0,-1,0,1,0), Name = 'Floor1Large', TreeValue = 'Volcano'},
    {CFrame = CFrame.new(-46.10000228881836,103.0999984741211,4,0,-1,0,1,0,0,0,0,1), Name = 'Floor1Large', TreeValue = 'Volcano'},
    {CFrame = CFrame.new(-46.10000228881836,103.0999984741211,-4,0,-1,0,1,0,0,0,0,1), Name = 'Floor1Large', TreeValue = 'Volcano'},
    {CFrame = CFrame.new(-50,103.0999984741211,8.100006103515625,0,0,1,1,0,0,0,1,0), Name = 'Floor1Large', TreeValue = 'Volcano'},
    {CFrame = CFrame.new(-58,103.0999984741211,8.100006103515625,0,0,1,1,0,0,0,1,0), Name = 'Floor1Large', TreeValue = 'Volcano'},
    {CFrame = CFrame.new(-58,103.09998321533203,-8.099990844726562,0,0,-1,1,0,0,0,-1,0), Name = 'Floor1Large', TreeValue = 'Volcano'},
    {CFrame = CFrame.new(-63.5,99.20000457763672,6.0000152587890625,0,0,1,0,1,0,-1,0,0), Name = 'Wall2Tall', TreeValue = 'Volcano'},
    {CFrame = CFrame.new(-63.5,99.20000457763672,3.0000152587890625,0,0,1,0,1,0,-1,0,0), Name = 'Wall2TallThin', TreeValue = 'Volcano'},
    {CFrame = CFrame.new(-63.5,99.20000457763672,-2.9999847412109375,0,0,1,0,1,0,-1,0,0), Name = 'Wall2TallThin', TreeValue = 'Volcano'},
    {CFrame = CFrame.new(-63.5,99.20000457763672,-5.9999847412109375,0,0,1,0,1,0,-1,0,0), Name = 'Wall2Tall', TreeValue = 'Volcano'},
    {CFrame = CFrame.new(-26.5,101.5999984741211,24.100006103515625,0,0,1,1,0,0,0,1,0), Name = 'Post', TreeValue = 'Volcano'},
    {CFrame = CFrame.new(-26.5,101.5999984741211,20.100006103515625,0,0,1,1,0,0,0,1,0), Name = 'Post', TreeValue = 'Volcano'},
    {CFrame = CFrame.new(-26.5,101.5999984741211,16.100006103515625,0,0,1,1,0,0,0,1,0), Name = 'Post', TreeValue = 'Volcano'},
    {CFrame = CFrame.new(-26.5,101.5999984741211,-19.899993896484375,0,0,1,1,0,0,0,1,0), Name = 'Post', TreeValue = 'Volcano'},
    {CFrame = CFrame.new(-26.5,101.5999984741211,-23.899993896484375,0,0,1,1,0,0,0,1,0), Name = 'Post', TreeValue = 'Volcano'},
    {CFrame = CFrame.new(-26.5,101.5999984741211,-27.899993896484375,0,0,1,1,0,0,0,1,0), Name = 'Post', TreeValue = 'Volcano'},
    {CFrame = CFrame.new(-27.099998474121094,101.5999984741211,28.5,0,-1,0,1,0,0,0,0,1), Name = 'Post', TreeValue = 'Volcano'},
    {CFrame = CFrame.new(-30.900001525878906,101.5999984741211,-28.5,0,1,0,1,0,0,0,0,-1), Name = 'Post', TreeValue = 'Volcano'},
    {CFrame = CFrame.new(-31.099998474121094,101.5999984741211,28.5,0,-1,0,1,0,0,0,0,1), Name = 'Post', TreeValue = 'Volcano'},
    {CFrame = CFrame.new(-34.90000534057617,101.5999984741211,-28.5,0,1,0,1,0,0,0,0,-1), Name = 'Post', TreeValue = 'Volcano'},
    {CFrame = CFrame.new(-35.099998474121094,101.5999984741211,28.5,0,-1,0,1,0,0,0,0,1), Name = 'Post', TreeValue = 'Volcano'},
    {CFrame = CFrame.new(-38.90000534057617,101.5999984741211,-28.5,0,1,0,1,0,0,0,0,-1), Name = 'Post', TreeValue = 'Volcano'},
    {CFrame = CFrame.new(-47.90000534057617,101.5999984741211,-32.5,0,1,0,1,0,0,0,0,-1), Name = 'Post', TreeValue = 'Volcano'},
    {CFrame = CFrame.new(-46.099998474121094,101.5999984741211,33.5,0,-1,0,1,0,0,0,0,1), Name = 'Post', TreeValue = 'Volcano'},
    {CFrame = CFrame.new(-51.90000534057617,101.5999984741211,-32.5,0,1,0,1,0,0,0,0,-1), Name = 'Post', TreeValue = 'Volcano'},
    {CFrame = CFrame.new(-50.099998474121094,101.5999984741211,33.5,0,-1,0,1,0,0,0,0,1), Name = 'Post', TreeValue = 'Volcano'},
    {CFrame = CFrame.new(-55.90000534057617,101.5999984741211,-32.5,0,1,0,1,0,0,0,0,-1), Name = 'Post', TreeValue = 'Volcano'},
    {CFrame = CFrame.new(-54.099998474121094,101.5999984741211,33.5,0,-1,0,1,0,0,0,0,1), Name = 'Post', TreeValue = 'Volcano'},
    {CFrame = CFrame.new(-59.90000534057617,101.5999984741211,-32.5,0,1,0,1,0,0,0,0,-1), Name = 'Post', TreeValue = 'Volcano'},
    {CFrame = CFrame.new(-58.099998474121094,101.5999984741211,33.5,0,-1,0,1,0,0,0,0,1), Name = 'Post', TreeValue = 'Volcano'},
    {CFrame = CFrame.new(-63.90000534057617,101.5999984741211,-32.5,0,1,0,1,0,0,0,0,-1), Name = 'Post', TreeValue = 'Volcano'},
    {CFrame = CFrame.new(-62.099998474121094,101.5999984741211,33.5,0,-1,0,1,0,0,0,0,1), Name = 'Post', TreeValue = 'Volcano'},
    {CFrame = CFrame.new(-71.0999984741211,101.5999984741211,28.5,0,-1,0,1,0,0,0,0,1), Name = 'Post', TreeValue = 'Volcano'},
    {CFrame = CFrame.new(-74.9000015258789,101.5999984741211,-28.5,0,1,0,1,0,0,0,0,-1), Name = 'Post', TreeValue = 'Volcano'},
    {CFrame = CFrame.new(-75.0999984741211,101.5999984741211,28.5,0,-1,0,1,0,0,0,0,1), Name = 'Post', TreeValue = 'Volcano'},
    {CFrame = CFrame.new(-78.9000015258789,101.5999984741211,-28.5,0,1,0,1,0,0,0,0,-1), Name = 'Post', TreeValue = 'Volcano'},
    {CFrame = CFrame.new(-79.0999984741211,101.5999984741211,28.5,0,-1,0,1,0,0,0,0,1), Name = 'Post', TreeValue = 'Volcano'},
    {CFrame = CFrame.new(-82.9000015258789,101.5999984741211,-28.5,0,1,0,1,0,0,0,0,-1), Name = 'Post', TreeValue = 'Volcano'},
    {CFrame = CFrame.new(-83.5,101.5999984741211,24.100006103515625,-1,0,0,0,0,1,0,1,0), Name = 'Post', TreeValue = 'Volcano'},
    {CFrame = CFrame.new(-83.5,101.5999984741211,20.100006103515625,-1,0,0,0,0,1,0,1,0), Name = 'Post', TreeValue = 'Volcano'},
    {CFrame = CFrame.new(-83.5,101.5999984741211,16.100006103515625,-1,0,0,0,0,1,0,1,0), Name = 'Post', TreeValue = 'Volcano'},
    {CFrame = CFrame.new(-83.5,101.5999984741211,-19.899993896484375,-1,0,0,0,0,1,0,1,0), Name = 'Post', TreeValue = 'Volcano'},
    {CFrame = CFrame.new(-83.5,101.5999984741211,-23.899993896484375,-1,0,0,0,0,1,0,1,0), Name = 'Post', TreeValue = 'Volcano'},
    {CFrame = CFrame.new(-83.5,101.5999984741211,-27.899993896484375,-1,0,0,0,0,1,0,1,0), Name = 'Post', TreeValue = 'Volcano'},
    {CFrame = CFrame.new(-84.5,101.5999984741211,15.100006103515625,-1,0,0,0,0,1,0,1,0), Name = 'Floor1Tiny', TreeValue = 'Volcano'},
    {CFrame = CFrame.new(-85.5,101.5999984741211,14.100006103515625,-1,0,0,0,0,1,0,1,0), Name = 'Floor1Tiny', TreeValue = 'Volcano'},
    {CFrame = CFrame.new(-85.5,101.5999984741211,13.100006103515625,-1,0,0,0,0,1,0,1,0), Name = 'Floor1Tiny', TreeValue = 'Volcano'},
    {CFrame = CFrame.new(-85.5,101.5999984741211,12.100006103515625,-1,0,0,0,0,1,0,1,0), Name = 'Floor1Tiny', TreeValue = 'Volcano'},
    {CFrame = CFrame.new(-86.5,101.5999984741211,11.100006103515625,-1,0,0,0,0,1,0,1,0), Name = 'Floor1Tiny', TreeValue = 'Volcano'},
    {CFrame = CFrame.new(-87.5,101.5999984741211,5.100006103515625,-1,0,0,0,0,1,0,1,0), Name = 'Post', TreeValue = 'Volcano'},
    {CFrame = CFrame.new(-87.5,101.5999984741211,1.100006103515625,-1,0,0,0,0,1,0,1,0), Name = 'Post', TreeValue = 'Volcano'},
    {CFrame = CFrame.new(-87.5,101.5999984741211,-2.899993896484375,-1,0,0,0,0,1,0,1,0), Name = 'Post', TreeValue = 'Volcano'},
    {CFrame = CFrame.new(-87.5,101.5999984741211,-6.899993896484375,-1,0,0,0,0,1,0,1,0), Name = 'Post', TreeValue = 'Volcano'},
    {CFrame = CFrame.new(-87.5,101.5999984741211,-10.899993896484375,-1,0,0,0,0,1,0,1,0), Name = 'Post', TreeValue = 'Volcano'},
    {CFrame = CFrame.new(-44.49999237060547,101.5999984741211,33.90000915527344,0,0,-1,1,0,0,0,-1,0), Name = 'Floor1Tiny', TreeValue = 'Volcano'},
    {CFrame = CFrame.new(-45.49999237060547,101.5999984741211,33.90000915527344,0,0,-1,1,0,0,0,-1,0), Name = 'Floor1Tiny', TreeValue = 'Volcano'},
    {CFrame = CFrame.new(-64.5,101.5999984741211,-32.100006103515625,0,0,-1,1,0,0,0,-1,0), Name = 'Floor1Tiny', TreeValue = 'Volcano'},
    {CFrame = CFrame.new(-65.5,101.59998321533203,-32.09999084472656,0,0,-1,1,0,0,0,-1,0), Name = 'Floor1Tiny', TreeValue = 'Volcano'},
    {CFrame = CFrame.new(-70.5,101.59998321533203,-29.099990844726562,0,0,-1,1,0,0,0,-1,0), Name = 'Floor1Tiny', TreeValue = 'Volcano'},
    {CFrame = CFrame.new(-84.5,101.59998321533203,-15.099990844726562,0,0,-1,1,0,0,0,-1,0), Name = 'Floor1Tiny', TreeValue = 'Volcano'},
    {CFrame = CFrame.new(-85.5,101.59998321533203,-12.099990844726562,0,0,-1,1,0,0,0,-1,0), Name = 'Floor1Tiny', TreeValue = 'Volcano'},
    {CFrame = CFrame.new(-85.5,101.59998321533203,-13.099990844726562,0,0,-1,1,0,0,0,-1,0), Name = 'Floor1Tiny', TreeValue = 'Volcano'},
    {CFrame = CFrame.new(-85.5,101.59998321533203,-14.099990844726562,0,0,-1,1,0,0,0,-1,0), Name = 'Floor1Tiny', TreeValue = 'Volcano'},
    {CFrame = CFrame.new(-86.5,101.59998321533203,-11.099990844726562,0,0,-1,1,0,0,0,-1,0), Name = 'Floor1Tiny', TreeValue = 'Volcano'},
    {CFrame = CFrame.new(-87.5,101.5999984741211,10.900009155273438,0,0,-1,1,0,0,0,-1,0), Name = 'Floor1Tiny', TreeValue = 'Volcano'},
    {CFrame = CFrame.new(-87.5,101.5999984741211,9.900009155273438,0,0,-1,1,0,0,0,-1,0), Name = 'Floor1Tiny', TreeValue = 'Volcano'},
    {CFrame = CFrame.new(-23.5,101.20000457763672,11.5,1,0,0,0,1,0,0,0,1), Name = 'Floor1Tiny', TreeValue = 'Volcano'},
    {CFrame = CFrame.new(-23.5,101.20000457763672,-11.5,1,0,0,0,1,0,0,0,1), Name = 'Floor1Tiny', TreeValue = 'Volcano'},
    {CFrame = CFrame.new(-24.5,101.20000457763672,14.5,1,0,0,0,1,0,0,0,1), Name = 'Floor1Tiny', TreeValue = 'Volcano'},
    {CFrame = CFrame.new(-24.5,101.20000457763672,13.5,1,0,0,0,1,0,0,0,1), Name = 'Floor1Tiny', TreeValue = 'Volcano'},
    {CFrame = CFrame.new(-24.5,101.20000457763672,12.5,1,0,0,0,1,0,0,0,1), Name = 'Floor1Tiny', TreeValue = 'Volcano'},
    {CFrame = CFrame.new(-24.5,101.20000457763672,-12.5,1,0,0,0,1,0,0,0,1), Name = 'Floor1Tiny', TreeValue = 'Volcano'},
    {CFrame = CFrame.new(-24.5,101.20000457763672,-13.5,1,0,0,0,1,0,0,0,1), Name = 'Floor1Tiny', TreeValue = 'Volcano'},
    {CFrame = CFrame.new(-24.5,101.20000457763672,-14.5,1,0,0,0,1,0,0,0,1), Name = 'Floor1Tiny', TreeValue = 'Volcano'},
    {CFrame = CFrame.new(-25.5,101.20000457763672,15.5,1,0,0,0,1,0,0,0,1), Name = 'Floor1Tiny', TreeValue = 'Volcano'},
    {CFrame = CFrame.new(-25.5,101.20000457763672,-15.5,1,0,0,0,1,0,0,0,1), Name = 'Floor1Tiny', TreeValue = 'Volcano'},
    {CFrame = CFrame.new(-39.499996185302734,101.20000457763672,29.5,1,0,0,0,1,0,0,0,1), Name = 'Floor1Tiny', TreeValue = 'Volcano'},
    {CFrame = CFrame.new(-39.500003814697266,101.20000457763672,-29.5,1,0,0,0,1,0,0,0,1), Name = 'Floor1Tiny', TreeValue = 'Volcano'},
    {CFrame = CFrame.new(-40.499996185302734,101.20000457763672,30.5,1,0,0,0,1,0,0,0,1), Name = 'Floor1Tiny', TreeValue = 'Volcano'},
    {CFrame = CFrame.new(-40.500003814697266,101.20000457763672,-30.5,1,0,0,0,1,0,0,0,1), Name = 'Floor1Tiny', TreeValue = 'Volcano'},
    {CFrame = CFrame.new(-41.499996185302734,101.20000457763672,30.5,1,0,0,0,1,0,0,0,1), Name = 'Floor1Tiny', TreeValue = 'Volcano'},
    {CFrame = CFrame.new(-41.500003814697266,101.20000457763672,-30.5,1,0,0,0,1,0,0,0,1), Name = 'Floor1Tiny', TreeValue = 'Volcano'},
    {CFrame = CFrame.new(-42.499996185302734,101.20000457763672,30.5,1,0,0,0,1,0,0,0,1), Name = 'Floor1Tiny', TreeValue = 'Volcano'},
    {CFrame = CFrame.new(-42.500003814697266,101.20000457763672,-30.5,1,0,0,0,1,0,0,0,1), Name = 'Floor1Tiny', TreeValue = 'Volcano'},
    {CFrame = CFrame.new(-43.499996185302734,101.20000457763672,32.5,1,0,0,0,1,0,0,0,1), Name = 'Floor1Tiny', TreeValue = 'Volcano'},
    {CFrame = CFrame.new(-43.499996185302734,101.20000457763672,31.5,1,0,0,0,1,0,0,0,1), Name = 'Floor1Tiny', TreeValue = 'Volcano'},
    {CFrame = CFrame.new(-43.500003814697266,101.20000457763672,-31.5,1,0,0,0,1,0,0,0,1), Name = 'Floor1Tiny', TreeValue = 'Volcano'},
    {CFrame = CFrame.new(-66.5,101.20000457763672,32.5,1,0,0,0,1,0,0,0,1), Name = 'Floor1Tiny', TreeValue = 'Volcano'},
    {CFrame = CFrame.new(-66.5,101.20000457763672,31.5,1,0,0,0,1,0,0,0,1), Name = 'Floor1Tiny', TreeValue = 'Volcano'},
    {CFrame = CFrame.new(-66.5,101.20000457763672,-31.5,1,0,0,0,1,0,0,0,1), Name = 'Floor1Tiny', TreeValue = 'Volcano'},
    {CFrame = CFrame.new(-67.5,101.20000457763672,30.5,1,0,0,0,1,0,0,0,1), Name = 'Floor1Tiny', TreeValue = 'Volcano'},
    {CFrame = CFrame.new(-67.5,101.20000457763672,-30.5,1,0,0,0,1,0,0,0,1), Name = 'Floor1Tiny', TreeValue = 'Volcano'},
    {CFrame = CFrame.new(-68.5,101.20000457763672,30.5,1,0,0,0,1,0,0,0,1), Name = 'Floor1Tiny', TreeValue = 'Volcano'},
    {CFrame = CFrame.new(-68.5,101.20000457763672,-30.5,1,0,0,0,1,0,0,0,1), Name = 'Floor1Tiny', TreeValue = 'Volcano'},
